4786412

16400
93362
1136941
669091
1158779
1647114
1146448
1994080
1798505
1812210
2381360
3174053
1803363
1984834
2321880
3657087
3336987
3307134
2100882
2560910
3136857
2520960
5002106
3609782
3990687
3688128
3693834
5457401
3157822
3988608
3978456
4003951
5335672
3143966
4489923
2277770
3729247
4501832
3731231
3427975
3935488
5714653
2727508
3132599
5007664
4623975
4585453
4050783
3338604
4997870
4016811
5049934
3221763
3869716
4045572
3471780
4325471
4037149
2268669
3704447
3440125
4718145
4657159
3345301
3455358
2911172
3137887
3732905
3783046
4418553
4711062
5440577
4977435
5679863
3454540
2994641
3246864
3534120
4290286
4746409
5296490
5113753
4941991
6038339
5124966
5882121
3332013
3650372
2564086
2654912
4452495
4366011
4482198
5138903
5305631
6106380
38815
1226372
923229
3669146
2409170
2768159
3531618
3718110
4493248
5270492
5220948
4997449
6051615
3253455
179826
1168777
782582
3937287
2772756
3151757
3252042
3373824
4104323
5635103
4918060
4902781
5612444
3472456
2091470
3098286
3850295
3965259
5087004
4741110
5823423
4891443
38492
1305790
1269414
39762
1202688
1072682
1517569
38552
1592570
38501
93049
1064039
38609
1237631
1080881
39036
932068
1414593
3359706
3032422
3834660
3817328
4471517
4956183
4827237
39997
865964
38388
1248762
719354
41107
752585
1631506
494846
961390
1489574
1098958
1356324
813059
1646696
1792030
1320662
2396056
1736363
1491889
39005
1452595
442166
316218
1502186
1179577
1107952
1416731
1528802
2310076
2786621
2469302
1229353
876316
2270801
2376591
2178455
2146084
2479127
3275009
2662133
2992292
2560052
4657732
5356965
4339719
2840106
5296046
2733953
4112715
4676539
3889473
5376087
4336766
4367538
4024329
4020378
4821798
4044801
2345108
5110832
4067483
3785727
3358305
5798401
4059407
3700912
3397376
3855186
4796133
4194292
2759230
3607192
3807392
4019654
2949232
3949887
4088533
4959644
4651756
5550536
3591018
3257199
3890578
