3397962
2933038
3828146
4732338
5482295
6324484
7187938
7970178
8173299
12653132
3650420
1516421
1199555
1225653
1521137
853514
1082891
970740
1648872
1179131
1862556
1368625
1390641
1631787
1610596
1951476
1885558
1655245
1911200
2056261
1619581
1789078
2471705
2120714
2342045
1430707
1827103
1317413
1910674
1906043
2394124
2610306
1898338
2056002
2028923
2316383
3632846
2514085
1965543
2141183
2333289
2126404
2440459
2563297
2719092
2521062
2082038
2291151
2660285
2819207
3139609
2824562
2448377
2909546
2896419
3176031
3289843
3130346
3189170
3281044
3327232
2929544
3088060
3243234
40256
76686
143472
197340
93227
135997
317477
264357
394869
706425
413804
206846
353074
316817
794370
422888
300060
304960
419530
542941
483730
397501
572367
677399
764131
531494
637274
834650
694379
745835
2857733
1735450
1475742
1517696
1109240
1279797
1395162
959785
1843793
1473422
1996956
1087106
1268347
1273371
1123661
968786
1135136
1959796
1169250
1224693
1566021
1533670
1210627
1344665
1054850
1509547
1239297
1862265
1594179
1397638
1689024
1713186
1594404
1806817
3514967
1194347
1531173
1279941
1117714
1333167
1105153
1101572
1035111
1294619
1819044
1265690
1566506
972902
1960820
1417275
1122984
1855787
1580002
1670395
2752107
1865192
1506768
1843148
2186310
1863908
2114001
1663412
1752000
2008574
2118147
2331097
1881518
2369740
1909035
2183449
2070122
2066361
2474963
2368467
1585531
2475722
2541836
2545550
2526973
3194318
2443223
3032340
2952903
2953665
3234877
2599552
2935145
3048616
2445029
3383729
3069950
2845932
3038025
2683392
3281470
2772940
2782280
3161343
